epoch,accuracy,loss
0,0.9014999866485596,10.198163986206055
1,0.9047999978065491,9.515013694763184
2,0.9082000255584717,8.945222854614258
3,0.9115999937057495,8.556502342224121
4,0.9128000140190125,8.246757507324219
5,0.9136999845504761,7.878528118133545
6,0.916100025177002,7.641643524169922
7,0.9175999760627747,7.372580528259277
8,0.91839998960495,7.175776481628418
9,0.9204999804496765,6.993708610534668
10,0.920799970626831,6.753077507019043
11,0.9226999878883362,6.6614861488342285
12,0.9233999848365784,6.505823612213135
13,0.9243000149726868,6.410542011260986
14,0.9257000088691711,6.280534744262695
15,0.9265000224113464,6.137182235717773
16,0.9265999794006348,6.040866851806641
17,0.9266999959945679,6.008450508117676
18,0.9291999936103821,5.899442672729492
19,0.9297999739646912,5.809154987335205
20,0.9283000230789185,5.770366191864014
21,0.9301999807357788,5.624868392944336
22,0.930400013923645,5.583756446838379
23,0.9309999942779541,5.508991241455078
24,0.9327999949455261,5.50899076461792
25,0.9300000071525574,5.2910661697387695
26,0.932200014591217,5.422176361083984
27,0.9334999918937683,5.257193565368652
28,0.9337999820709229,5.240825176239014
29,0.9333000183105469,5.201311111450195
30,0.9319999814033508,5.105220317840576
31,0.9344000220298767,5.09497594833374
32,0.9344000220298767,4.9772419929504395
33,0.9365000128746033,4.967401504516602
34,0.9340000152587891,4.930964946746826
35,0.9362000226974487,4.88439416885376
36,0.9363999962806702,4.882747173309326
37,0.9365000128746033,4.814266681671143
38,0.9366000294685364,4.697495937347412
39,0.9380999803543091,4.753760814666748
40,0.9377999901771545,4.715903282165527
41,0.9369000196456909,4.646310329437256
42,0.9381999969482422,4.636458873748779
43,0.9384999871253967,4.61544132232666
44,0.9387000203132629,4.5169572830200195
45,0.9384999871253967,4.528448104858398
46,0.9383000135421753,4.481386184692383
47,0.9394000172615051,4.4826741218566895
48,0.9395999908447266,4.340052127838135
49,0.9397000074386597,4.434493064880371
50,0.9409000277519226,4.329011917114258
51,0.9408000111579895,4.328245162963867
52,0.9416999816894531,4.309320449829102
53,0.9401999711990356,4.332385063171387
54,0.9430000185966492,4.266482353210449
55,0.942300021648407,4.201741695404053
56,0.9427000284194946,4.20574426651001
57,0.9419000148773193,4.195847988128662
58,0.9401000142097473,4.1969428062438965
59,0.9420999884605408,4.0999321937561035
60,0.9419999718666077,4.129518508911133
61,0.9408000111579895,4.082581043243408
62,0.9435999989509583,4.013827800750732
63,0.9426000118255615,4.024258136749268
64,0.9419999718666077,3.9959464073181152
65,0.941100001335144,3.981403112411499
66,0.9430999755859375,3.92857027053833
67,0.9430000185966492,3.9408457279205322
68,0.9437000155448914,3.8830084800720215
69,0.9438999891281128,3.90338134765625
70,0.9438999891281128,3.876458168029785
71,0.9445000290870667,3.858428955078125
72,0.9440000057220459,3.815322160720825
73,0.9440000057220459,3.743809700012207
74,0.9455000162124634,3.821192502975464
75,0.9441999793052673,3.745795726776123
76,0.944100022315979,3.724611282348633
77,0.9458000063896179,3.715829610824585
78,0.9453999996185303,3.639193058013916
79,0.944599986076355,3.6297860145568848
80,0.9459999799728394,3.6686651706695557
81,0.9453999996185303,3.652637481689453
82,0.9458000063896179,3.6233460903167725
83,0.9455000162124634,3.544832706451416
84,0.9473999738693237,3.5552756786346436
85,0.9474999904632568,3.4904074668884277
86,0.9456999897956848,3.5504202842712402
87,0.9455999732017517,3.502384662628174
88,0.9473000168800354,3.39310359954834
89,0.9467999935150146,3.451329231262207
90,0.9491000175476074,3.4131901264190674
91,0.9480000138282776,3.445056915283203
92,0.9490000009536743,3.3703413009643555
93,0.945900022983551,3.3972718715667725
94,0.947700023651123,3.362914800643921
95,0.9480999708175659,3.3431472778320312
96,0.9488000273704529,3.309096574783325
97,0.9491000175476074,3.357677698135376
98,0.948199987411499,3.2824268341064453
99,0.9469000101089478,3.2912659645080566
100,0.9491999745368958,3.254767417907715
101,0.9484000205993652,3.247680187225342
102,0.9502999782562256,3.2635116577148438
103,0.949400007724762,3.172029972076416
104,0.9502000212669373,3.1828951835632324
105,0.9501000046730042,3.207052707672119
106,0.9488999843597412,3.169405221939087
107,0.9496999979019165,3.1343350410461426
108,0.9516000151634216,3.1062076091766357
109,0.9519000053405762,3.0676379203796387
110,0.9527999758720398,3.0858635902404785
111,0.9513000249862671,3.078986167907715
112,0.9516000151634216,2.9963901042938232
113,0.9513000249862671,3.034132242202759
114,0.9514999985694885,3.005504608154297
115,0.9531000256538391,3.0109658241271973
116,0.9520999789237976,2.9561100006103516
117,0.9519000053405762,2.9962828159332275
118,0.95169997215271,2.9752440452575684
119,0.9506999850273132,2.963782548904419
120,0.9549999833106995,2.9052200317382812
121,0.951200008392334,2.939194440841675
122,0.9524999856948853,2.899373769760132
123,0.9524000287055969,2.905136823654175
124,0.9531999826431274,2.8440983295440674
125,0.953499972820282,2.8639426231384277
126,0.954200029373169,2.855304002761841
127,0.9520999789237976,2.8754122257232666
128,0.9534000158309937,2.8600895404815674
129,0.9541000127792358,2.798511028289795
130,0.9542999863624573,2.826685667037964
131,0.954200029373169,2.8160572052001953
132,0.9546999931335449,2.763150215148926
133,0.9538000226020813,2.8158905506134033
134,0.954800009727478,2.766880750656128
135,0.9560999870300293,2.7873659133911133
136,0.9556999802589417,2.7100048065185547
137,0.9557999968528748,2.7020626068115234
138,0.9570000171661377,2.71224308013916
139,0.9560999870300293,2.722752809524536
140,0.9567000269889832,2.6881113052368164
141,0.9562000036239624,2.683255195617676
142,0.9538999795913696,2.6670777797698975
143,0.95660001039505,2.618684768676758
144,0.9577999711036682,2.648329973220825
145,0.9559000134468079,2.6231801509857178
146,0.9573000073432922,2.592585563659668
147,0.9557999968528748,2.604231834411621
148,0.9573000073432922,2.5823163986206055
149,0.9578999876976013,2.5533885955810547
150,0.9570000171661377,2.5585086345672607
151,0.9578999876976013,2.574002742767334
152,0.957099974155426,2.54604172706604
153,0.9585000276565552,2.557934522628784
154,0.9571999907493591,2.520514726638794
155,0.9585000276565552,2.540484666824341
156,0.9587000012397766,2.4754741191864014
157,0.957099974155426,2.5450685024261475
158,0.9585999846458435,2.5130937099456787
159,0.9591000080108643,2.4633536338806152
160,0.9599000215530396,2.450000047683716
161,0.9574000239372253,2.4685184955596924
162,0.9595000147819519,2.4406163692474365
163,0.9585000276565552,2.4129278659820557
164,0.9593999981880188,2.428211212158203
165,0.9593999981880188,2.42415714263916
