epoch,accuracy,loss
0,0.23676879703998566,65.99909210205078
1,0.27437326312065125,54.23664855957031
2,0.2722841203212738,50.38798522949219
3,0.3105849623680115,46.53963851928711
4,0.3098885715007782,43.99125289916992
5,0.32590529322624207,40.40596389770508
6,0.3314763307571411,39.58761978149414
7,0.34958216547966003,35.6065559387207
8,0.3467966616153717,35.314964294433594
9,0.36838439106941223,31.939350128173828
10,0.3537604510784149,31.85451889038086
11,0.3586350977420807,29.58369255065918
12,0.37412095069885254,29.65772247314453
13,0.3710344731807709,27.845796585083008
14,0.38161560893058777,27.17601203918457
15,0.3878830075263977,26.53574562072754
16,0.4177215099334717,24.675792694091797
17,0.37883007526397705,26.898283004760742
18,0.40877437591552734,24.102039337158203
19,0.3739554286003113,25.136960983276367
20,0.41517242789268494,24.164539337158203
21,0.38818565011024475,23.889677047729492
22,0.4254874587059021,22.826778411865234
23,0.3983286917209625,24.32451820373535
24,0.42409470677375793,21.582185745239258
25,0.42137929797172546,22.361085891723633
26,0.42339831590652466,21.76835823059082
27,0.44916433095932007,21.649169921875
28,0.39066851139068604,22.570262908935547
29,0.43670886754989624,19.650585174560547
30,0.39724138379096985,22.838672637939453
31,0.4408077895641327,20.640182495117188
32,0.4416314959526062,19.534143447875977
33,0.4366295337677002,19.96997833251953
34,0.43871867656707764,20.023683547973633
35,0.42757660150527954,20.465160369873047
36,0.45379310846328735,18.562057495117188
37,0.4338440001010895,18.915088653564453
38,0.4486638605594635,19.502525329589844
39,0.43802228569984436,18.901657104492188
40,0.4554317593574524,17.909271240234375
41,0.45752090215682983,18.87540054321289
42,0.46030640602111816,18.013660430908203
43,0.4526462256908417,18.53502655029297
44,0.475862056016922,17.30258560180664
45,0.4514767825603485,17.9844913482666
46,0.4526462256908417,17.517414093017578
47,0.4777158796787262,16.76521873474121
48,0.4742339849472046,16.732528686523438
49,0.4818941652774811,16.622953414916992
50,0.4860724210739136,16.072172164916992
51,0.48746517300605774,16.5994930267334
52,0.48676881194114685,15.762630462646484
53,0.47980502247810364,15.781376838684082
54,0.470752090215683,15.8970365524292
55,0.5090529322624207,14.524499893188477
56,0.4958217144012451,15.651460647583008
57,0.5070323348045349,14.22562026977539
58,0.5055172443389893,14.630821228027344
59,0.48328691720962524,15.240771293640137
60,0.4993036091327667,14.672465324401855
61,0.5285515189170837,12.743766784667969
62,0.4930362105369568,14.363842964172363
63,0.5281293988227844,14.226058006286621
64,0.5034482479095459,13.552607536315918
65,0.5215877294540405,14.020009994506836
66,0.5330520272254944,12.888578414916992
67,0.5264623761177063,12.455138206481934
68,0.5013927817344666,13.360798835754395
69,0.5006896257400513,12.97414493560791
70,0.523676872253418,12.214980125427246
71,0.5174094438552856,12.82883358001709
72,0.5175808668136597,11.903076171875
73,0.5234482884407043,12.263721466064453
74,0.5243732333183289,12.138822555541992
75,0.5160167217254639,12.086786270141602
76,0.5260196924209595,10.965872764587402
77,0.5264623761177063,11.790689468383789
78,0.5285515189170837,11.339314460754395
79,0.5341225862503052,10.608596801757812
80,0.5241379141807556,11.510719299316406
81,0.5334261655807495,10.399368286132812
82,0.5309423208236694,10.77713680267334
83,0.5487465262413025,9.967960357666016
84,0.5376044511795044,9.832587242126465
85,0.5508356690406799,9.232409477233887
86,0.538997232913971,9.857523918151855
87,0.5438718795776367,9.151971817016602
88,0.5544827580451965,9.034570693969727
89,0.5459610223770142,8.295892715454102
90,0.5457102656364441,8.896985054016113
91,0.5386207103729248,8.06536865234375
92,0.5274261832237244,8.018204689025879
93,0.5565516948699951,7.294809341430664
94,0.5379746556282043,7.567379951477051
95,0.5445682406425476,7.012256145477295
96,0.5480501651763916,6.8249735832214355
97,0.5403899550437927,6.872628688812256
98,0.546657383441925,6.337430953979492
99,0.5459610223770142,5.77135705947876
100,0.538997232913971,5.758587837219238
101,0.5529248118400574,4.9423394203186035
102,0.5494428873062134,4.797328948974609
103,0.546657383441925,4.609689235687256
104,0.5383008122444153,4.340784072875977
105,0.523676872253418,3.786663293838501
106,0.5438718795776367,3.5738039016723633
107,0.5383008122444153,3.339709758758545
108,0.5175808668136597,3.3207509517669678
109,0.5296551585197449,2.7793831825256348
110,0.5264623761177063,2.8243191242218018
111,0.49929675459861755,2.8253467082977295
112,0.5268965363502502,2.4659433364868164
113,0.5167130827903748,2.4878718852996826
114,0.47819972038269043,2.3970048427581787
115,0.5303448438644409,2.219381809234619
116,0.46378830075263977,2.248032331466675
117,0.49929675459861755,2.1794564723968506
118,0.5365517139434814,1.8724727630615234
119,0.5070323348045349,1.9263577461242676
120,0.46206897497177124,2.1172869205474854
121,0.5260196924209595,1.7325949668884277
122,0.5055710077285767,1.7532100677490234
123,0.4735375940799713,1.688054084777832
124,0.47655171155929565,1.6213343143463135
125,0.5295358896255493,1.704045295715332
126,0.4744827449321747,1.7496439218521118
127,0.5414908528327942,1.4540971517562866
128,0.4820689558982849,1.5104509592056274
129,0.4767932593822479,1.6064808368682861
130,0.5410863757133484,1.485383152961731
131,0.5027586221694946,1.4792946577072144
132,0.45334261655807495,1.511935830116272
133,0.5773558616638184,1.4710750579833984
134,0.5111420750617981,1.259941816329956
135,0.4658774435520172,1.4867876768112183
136,0.535515308380127,1.3552860021591187
137,0.5334261655807495,1.3362098932266235
138,0.49241378903388977,1.3532192707061768
139,0.5218002796173096,1.3364989757537842
140,0.5181058645248413,1.2865221500396729
141,0.5076601505279541,1.2900604009628296
142,0.5557103157043457,1.2635629177093506
143,0.5097492933273315,1.2695846557617188
144,0.5473537445068359,1.224924087524414
145,0.5327298045158386,1.1802070140838623
146,0.5285515189170837,1.2226722240447998
147,0.5250696539878845,1.203847050666809
148,0.558495819568634,1.1837574243545532
149,0.5452646017074585,1.193579077720642
150,0.5229805111885071,1.198647379875183
151,0.5480501651763916,1.1448487043380737
152,0.5828690528869629,1.1392395496368408
153,0.5494428873062134,1.14430570602417
154,0.5055710077285767,1.1721824407577515
155,0.5487465262413025,1.116228699684143
156,0.5632911324501038,1.0841648578643799
157,0.5586206912994385,1.110399842262268
158,0.5814763307571411,1.107659935951233
159,0.5577994585037231,1.1509356498718262
160,0.5139275789260864,1.0948457717895508
161,0.5534458756446838,1.0412293672561646
162,0.573816180229187,1.1219077110290527
163,0.5417827367782593,1.023130178451538
164,0.64415043592453,1.0086036920547485
165,0.5027586221694946,1.104076862335205
166,0.5800835490226746,1.0662455558776855
167,0.5793871879577637,0.9630812406539917
168,0.5745428800582886,1.0534684658050537
169,0.5420689582824707,1.0482953786849976
170,0.5403899550437927,1.0427196025848389
171,0.5914205312728882,1.0062694549560547
172,0.5593103170394897,1.016781210899353
173,0.5421940684318542,0.999674916267395
174,0.6378830075263977,0.990837574005127
175,0.5250696539878845,0.9474136233329773
176,0.5724138021469116,1.0123263597488403
177,0.5766016840934753,0.9905608892440796
178,0.5738396644592285,1.0200179815292358
179,0.5606896281242371,0.9830789566040039
180,0.607594907283783,0.9249435067176819
181,0.5193103551864624,0.9906203150749207
182,0.5793871879577637,0.9500436782836914
183,0.6072423458099365,0.931560218334198
184,0.5793871879577637,0.9439778923988342
185,0.597749650478363,0.9042284488677979
186,0.5577994585037231,0.9638417959213257
187,0.5320334434509277,0.9883705973625183
188,0.6089655160903931,0.9091960191726685
189,0.5492264628410339,0.9319252967834473
190,0.6121169924736023,0.9021652936935425
191,0.5598886013031006,0.9466081857681274
192,0.5863509774208069,0.9043875932693481
193,0.5912256240844727,0.9221498966217041
194,0.5877437591552734,0.9018169641494751
195,0.573816180229187,0.9586058259010315
196,0.5863509774208069,0.9061704277992249
197,0.5793871879577637,0.8958864212036133
198,0.585654616355896,0.9106780290603638
199,0.5879043340682983,0.9264752268791199
200,0.5799999833106995,0.8939460515975952
201,0.609331488609314,0.9019787311553955
202,0.5654596090316772,0.9428671002388
203,0.5786908268928528,0.9037264585494995
204,0.6072423458099365,0.9144942760467529
205,0.6086350679397583,0.9106252193450928
206,0.582172691822052,0.8635663390159607
207,0.6051532030105591,0.8646667003631592
208,0.5745125412940979,0.8627829551696777
209,0.5843881964683533,0.9250829815864563
210,0.5675861835479736,0.9500231742858887
211,0.6128133535385132,0.8459489941596985
212,0.5689415335655212,0.8841431736946106
213,0.6132208108901978,0.8371573686599731
214,0.5786908268928528,0.9066870808601379
215,0.6379310488700867,0.9108390808105469
216,0.5597749352455139,0.8778815865516663
217,0.6055172681808472,0.8781626224517822
218,0.5577994585037231,0.9124223589897156
219,0.6582278609275818,0.8569366931915283
220,0.5875862240791321,0.9178301095962524
221,0.607594907283783,0.891560435295105
222,0.5633704662322998,0.8754055500030518
223,0.6062068939208984,0.8666719198226929
224,0.6033755540847778,0.8829768300056458
225,0.617241382598877,0.8831625580787659
226,0.602672278881073,0.8125524520874023
227,0.6100278496742249,0.8946722745895386
228,0.6023676991462708,0.851525604724884
229,0.5835654735565186,0.8514705896377563
230,0.6142061352729797,0.8228788375854492
231,0.6065459847450256,0.8894858956336975
232,0.6009749174118042,0.84681636095047
233,0.5967966318130493,0.8644522428512573
234,0.6079387068748474,0.8468827605247498
235,0.6086350679397583,0.8380147218704224
236,0.6023676991462708,0.8709738850593567
237,0.5931034684181213,0.841018557548523
238,0.6216596364974976,0.8538742065429688
239,0.6030640602111816,0.8565565943717957
240,0.6162952780723572,0.8168137669563293
241,0.6162952780723572,0.8531302809715271
242,0.6142061352729797,0.8264130353927612
243,0.6100278496742249,0.8622977137565613
244,0.6023676991462708,0.8224294185638428
245,0.6128133535385132,0.812650740146637
246,0.6044568419456482,0.9012659192085266
247,0.6427576541900635,0.7980169653892517
248,0.6044568419456482,0.8508762121200562
249,0.594011127948761,0.8638367652893066
250,0.6197771430015564,0.7990768551826477
251,0.6218662858009338,0.8350737690925598
252,0.5981894135475159,0.8473461270332336
253,0.6204735636711121,0.8232539296150208
254,0.6142061352729797,0.820024311542511
255,0.6155988574028015,0.8756410479545593
256,0.647679328918457,0.7848764657974243
257,0.5979310274124146,0.8133293986320496
258,0.6183844208717346,0.8402372598648071
259,0.6434599161148071,0.8184178471565247
260,0.6086350679397583,0.7761936187744141
261,0.5995821952819824,0.8020595908164978
262,0.6253482103347778,0.8166021108627319
263,0.6213793158531189,0.8087058663368225
264,0.6128133535385132,0.814660906791687
265,0.6281337141990662,0.7927347421646118
266,0.6155988574028015,0.8196019530296326
267,0.6483286619186401,0.7632471919059753
268,0.6188467144966125,0.8060217499732971
269,0.6357938647270203,0.8466641306877136
270,0.5849581956863403,0.8062439560890198
271,0.6399721503257751,0.7568913698196411
272,0.5842618346214294,0.8223682045936584
273,0.6579310297966003,0.757604718208313
274,0.6216596364974976,0.8222077488899231
275,0.6034482717514038,0.7991149425506592
276,0.599859356880188,0.7868640422821045
277,0.6413792967796326,0.7906299829483032
278,0.6490858197212219,0.7779975533485413
279,0.6253482103347778,0.7955693602561951
280,0.6186206936836243,0.760259211063385
281,0.5872011184692383,0.7967344522476196
282,0.6747910976409912,0.7524579167366028
283,0.6295264363288879,0.820789635181427
284,0.6048275828361511,0.7837123870849609
285,0.6378340125083923,0.7859632968902588
286,0.6427586078643799,0.7560286521911621
287,0.6097046136856079,0.7794027328491211
288,0.6274373531341553,0.8000358939170837
289,0.6267409324645996,0.7508425712585449
290,0.6573815941810608,0.772086501121521
291,0.6169916391372681,0.8132142424583435
292,0.617688000202179,0.7829364538192749
293,0.6344011425971985,0.8001362085342407
294,0.6364902257919312,0.7621023058891296
295,0.6399721503257751,0.7661131024360657
296,0.6162952780723572,0.7732192873954773
297,0.6204735636711121,0.7920639514923096
298,0.6204735636711121,0.7959680557250977
299,0.6587743759155273,0.7581716775894165
300,0.6149024963378906,0.7835608124732971
301,0.6561181545257568,0.7603950500488281
302,0.6200000047683716,0.7675319910049438
303,0.6385793685913086,0.8051155209541321
304,0.6135097742080688,0.798645555973053
305,0.6838440299034119,0.7313439249992371
306,0.573816180229187,0.8333861827850342
307,0.6274373531341553,0.7598553895950317
308,0.6659634113311768,0.738682210445404
309,0.652506947517395,0.7878240942955017
310,0.6110345125198364,0.7481995224952698
311,0.6490250825881958,0.7430370450019836
312,0.6125175952911377,0.7522119283676147
313,0.6475862264633179,0.793709933757782
314,0.6244725584983826,0.7171720862388611
315,0.6587743759155273,0.7561260461807251
316,0.6344011425971985,0.7644482254981995
317,0.6248275637626648,0.7246323823928833
318,0.6455696225166321,0.8010639548301697
319,0.6158620715141296,0.7589388489723206
320,0.6856539845466614,0.7145668864250183
321,0.5814763307571411,0.7936843633651733
322,0.6903448104858398,0.7263099551200867
323,0.6371866464614868,0.7432276606559753
324,0.6279887557029724,0.7376844882965088
325,0.6552924513816833,0.7749885320663452
326,0.6517241597175598,0.7443671822547913
327,0.652601957321167,0.7217633128166199
328,0.6399721503257751,0.7550711035728455
329,0.6504178047180176,0.7428847551345825
330,0.6316155791282654,0.7351993918418884
331,0.6365517377853394,0.7450396418571472
332,0.6610407829284668,0.6898577213287354
333,0.655988872051239,0.7755444049835205
334,0.6149024963378906,0.7577808499336243
335,0.6733983159065247,0.7377006411552429
336,0.6371866464614868,0.7332176566123962
337,0.6537930965423584,0.722602128982544
338,0.6378340125083923,0.7316436767578125
339,0.6622562408447266,0.704446017742157
340,0.6545960903167725,0.7214565277099609
341,0.652506947517395,0.7162263989448547
342,0.64415043592453,0.7244535684585571
343,0.6469359397888184,0.7092074751853943
344,0.6622562408447266,0.6915402412414551
345,0.6497214436531067,0.7141169309616089
346,0.6462395787239075,0.7599096298217773
347,0.6552924513816833,0.7399101853370667
348,0.6666666865348816,0.6860352158546448
349,0.652506947517395,0.7353683114051819
350,0.6744827628135681,0.6822503209114075
351,0.632311999797821,0.7774738073348999
352,0.6392405033111572,0.697457492351532
353,0.6720055937767029,0.7142444252967834
354,0.6497214436531067,0.7069494724273682
355,0.6924138069152832,0.6908965110778809
356,0.6239554286003113,0.7377668619155884
357,0.6532033681869507,0.6900039911270142
358,0.6580780148506165,0.716519832611084
359,0.6786216497421265,0.6687127351760864
360,0.6331034302711487,0.7307491898536682
361,0.7130919098854065,0.6736910343170166
362,0.6149024963378906,0.715705156326294
363,0.6694796085357666,0.6829856038093567
364,0.6984679698944092,0.696247398853302
365,0.6608635187149048,0.7487043142318726
366,0.6455172300338745,0.6911401152610779
367,0.6828410625457764,0.6822022199630737
368,0.6420612931251526,0.7431734800338745
369,0.6469359397888184,0.7242679595947266
370,0.6448276042938232,0.7348632216453552
371,0.7313642501831055,0.6236374378204346
372,0.5986207127571106,0.7892261743545532
373,0.7088607549667358,0.6328033804893494
374,0.6692200303077698,0.6804453730583191
375,0.6538997292518616,0.6958022117614746
376,0.6949860453605652,0.673811137676239
377,0.6706128120422363,0.6812395453453064
378,0.6685236692428589,0.6915801167488098
379,0.6601671576499939,0.6686562895774841
380,0.676183819770813,0.654481053352356
381,0.6882758736610413,0.6729438304901123
382,0.6343178749084473,0.7412222623825073
383,0.6928969621658325,0.6465685963630676
384,0.6544827818870544,0.6922044157981873
385,0.6828410625457764,0.6967400908470154
386,0.6727019548416138,0.6675463318824768
387,0.6622562408447266,0.6644551753997803
388,0.6671309471130371,0.6738112568855286
389,0.688022255897522,0.6615608930587769
390,0.6657381653785706,0.6936389803886414
391,0.6740947365760803,0.6861155033111572
392,0.6775766015052795,0.6839737892150879
393,0.6720055937767029,0.666583240032196
394,0.6775766015052795,0.6423555612564087
395,0.6587743759155273,0.663240373134613
396,0.6859331727027893,0.6490170359611511
397,0.6835442781448364,0.6899237036705017
398,0.6765516996383667,0.6395693421363831
399,0.6552924513816833,0.6556610465049744
400,0.6831476092338562,0.6733226776123047
401,0.6842475533485413,0.6352185606956482
402,0.6434482932090759,0.6867735981941223
403,0.7012534737586975,0.6308777332305908
404,0.664345383644104,0.6534926295280457
405,0.6873258948326111,0.6869886517524719
406,0.6504178047180176,0.6775737404823303
407,0.7229254841804504,0.6314412355422974
408,0.6490250825881958,0.65643310546875
409,0.6593103408813477,0.7211263179779053
410,0.6963788270950317,0.6344416737556458
411,0.6831476092338562,0.6637827157974243
412,0.6378340125083923,0.6490511298179626
413,0.6986206769943237,0.6586135625839233
414,0.7103064060211182,0.594020664691925
415,0.6538997292518616,0.6815134882926941
416,0.6803621053695679,0.6804121136665344
417,0.6476323008537292,0.7136788368225098
418,0.6998607516288757,0.6011098623275757
419,0.6666666865348816,0.6473668813705444
420,0.714484691619873,0.609700083732605
421,0.6455431580543518,0.6879115700721741
422,0.7137883305549622,0.6104497909545898
423,0.6365517377853394,0.6824207901954651
424,0.7313642501831055,0.5982314944267273
425,0.6699164509773254,0.6138443946838379
426,0.6627586483955383,0.6805132031440735
427,0.7116736769676208,0.6278641223907471
428,0.6692200303077698,0.651775062084198
429,0.6733983159065247,0.6459957361221313
430,0.714484691619873,0.6111128926277161
431,0.6622562408447266,0.6721473932266235
432,0.6862068772315979,0.6225534081459045
433,0.6779184341430664,0.6653465032577515
434,0.6848275661468506,0.6690813899040222
435,0.6919831037521362,0.6088472008705139
436,0.6977716088294983,0.614625871181488
437,0.6810584664344788,0.7032402753829956
438,0.6782729625701904,0.6284769773483276
439,0.6789693832397461,0.6430121660232544
440,0.6887186765670776,0.6734496355056763
441,0.6887186765670776,0.6178669929504395
442,0.6894150376319885,0.6350802183151245
443,0.6845403909683228,0.6175154447555542
444,0.6733983159065247,0.7003482580184937
445,0.7284122705459595,0.5935349464416504
446,0.6935933232307434,0.6299843788146973
447,0.691504180431366,0.6152562499046326
448,0.7137883305549622,0.6397243738174438
449,0.6977716088294983,0.6228638887405396
450,0.6998607516288757,0.6390907764434814
451,0.7186629772186279,0.5916966795921326
452,0.6990154981613159,0.6020545363426208
453,0.6993103623390198,0.6175200939178467
454,0.7061281204223633,0.6316370964050293
455,0.7278481125831604,0.5903847217559814
456,0.6889654994010925,0.6044704914093018
457,0.7054317593574524,0.6316038370132446
458,0.7479108572006226,0.5998614430427551
459,0.6852367520332336,0.6161816120147705
460,0.7005571126937866,0.6286288499832153
461,0.7318941354751587,0.5932866930961609
462,0.697609007358551,0.599492609500885
463,0.6956824660301208,0.6081153750419617
464,0.7393103241920471,0.6006408929824829
465,0.6894150376319885,0.6101477742195129
466,0.6919831037521362,0.607112467288971
467,0.7186629772186279,0.5942419171333313
468,0.722841203212738,0.5671147704124451
469,0.7117241621017456,0.6328524351119995
470,0.7165738344192505,0.5692340731620789
471,0.7527855038642883,0.5544652342796326
472,0.6954993009567261,0.6226808428764343
473,0.6942896842956543,0.6036691665649414
474,0.7061281204223633,0.5814919471740723
475,0.7256267666816711,0.6199483871459961
476,0.6986206769943237,0.637712299823761
477,0.7433192729949951,0.5875208377838135
478,0.7012534737586975,0.5897458791732788
479,0.7317241430282593,0.6017939448356628
480,0.7187060713768005,0.5892989635467529
481,0.7298049926757812,0.5743044018745422
482,0.7110344767570496,0.6028947234153748
483,0.703234851360321,0.5838062763214111
484,0.725517213344574,0.6094776391983032
485,0.7165963649749756,0.5592307448387146
486,0.7214484810829163,0.6377661824226379
487,0.7186629772186279,0.5614780187606812
488,0.726323127746582,0.5750699639320374
489,0.7200556993484497,0.5886613726615906
490,0.7200556993484497,0.5886613726615906
