epoch,accuracy,loss
0,0.3509749174118042,1.3838107585906982
1,0.35236769914627075,1.3844722509384155
2,0.34818941354751587,1.3824474811553955
3,0.3537604510784149,1.3843441009521484
4,0.34122562408447266,1.3837954998016357
5,0.37130802869796753,1.3826035261154175
6,0.3482758700847626,1.3841309547424316
7,0.36699163913726807,1.380401611328125
8,0.324894517660141,1.3851594924926758
9,0.38231196999549866,1.3798794746398926
10,0.3621169924736023,1.3860751390457153
11,0.320334255695343,1.3814345598220825
12,0.36350974440574646,1.384371280670166
13,0.4066852331161499,1.3782680034637451
14,0.3186206817626953,1.3855239152908325
15,0.3050139248371124,1.387732744216919
16,0.42405062913894653,1.374792456626892
17,0.32620689272880554,1.3848170042037964
18,0.39662447571754456,1.3792626857757568
19,0.3075861930847168,1.3859912157058716
20,0.39240506291389465,1.3786118030548096
21,0.4048275947570801,1.3808706998825073
22,0.32419127225875854,1.38324773311615
23,0.37793102860450745,1.3830115795135498
24,0.2722841203212738,1.3881299495697021
25,0.488161563873291,1.36965012550354
26,0.3238161504268646,1.3847832679748535
27,0.3502785563468933,1.3823939561843872
28,0.4185236692428589,1.3796058893203735
29,0.33704736828804016,1.378713846206665
30,0.3614627420902252,1.3844655752182007
31,0.3579387068748474,1.3809232711791992
32,0.40529248118400574,1.3760526180267334
33,0.3502785563468933,1.381316900253296
34,0.3398328721523285,1.3826786279678345
35,0.38997215032577515,1.3813080787658691
36,0.3496551811695099,1.3815416097640991
37,0.3955431878566742,1.376238465309143
38,0.34247538447380066,1.3820700645446777
39,0.3739554286003113,1.3788378238677979
40,0.35654595494270325,1.3813022375106812
41,0.31545960903167725,1.3828755617141724
42,0.39066851139068604,1.3766605854034424
43,0.3795264661312103,1.3784123659133911
44,0.3662952780723572,1.3785490989685059
45,0.3572423458099365,1.3796913623809814
46,0.3551532030105591,1.3792632818222046
47,0.3537604510784149,1.3804954290390015
48,0.3537604510784149,1.3790669441223145
49,0.35236769914627075,1.3791612386703491
50,0.3697771728038788,1.3778501749038696
51,0.37186628580093384,1.3779010772705078
52,0.3126741051673889,1.381117582321167
53,0.3697771728038788,1.379088282585144
54,0.3837047219276428,1.375854253768921
55,0.32590529322624207,1.3829463720321655
56,0.37186628580093384,1.3778727054595947
57,0.33077993988990784,1.3761475086212158
58,0.38718661665916443,1.3764939308166504
59,0.32311978936195374,1.380849003791809
60,0.32938718795776367,1.3807132244110107
61,0.42264416813850403,1.372164011001587
62,0.3238161504268646,1.3807790279388428
63,0.37172412872314453,1.3750789165496826
64,0.28830084204673767,1.3832523822784424
65,0.3832630217075348,1.3768327236175537
66,0.33586207032203674,1.3785344362258911
67,0.3850975036621094,1.3749202489852905
68,0.3516713082790375,1.374123454093933
69,0.3760445713996887,1.377765417098999
70,0.3488045036792755,1.3765612840652466
71,0.3282758593559265,1.377816081047058
72,0.35584959387779236,1.3758034706115723
73,0.3720112442970276,1.3755712509155273
74,0.33426183462142944,1.3810522556304932
75,0.36699163913726807,1.3754347562789917
76,0.35172414779663086,1.3734959363937378
77,0.3586497902870178,1.374938726425171
78,0.34122562408447266,1.3795446157455444
79,0.344011127948761,1.3772797584533691
80,0.3405292332172394,1.3775835037231445
81,0.3809192180633545,1.3713587522506714
82,0.3064066767692566,1.379127860069275
83,0.3767409324645996,1.3723516464233398
84,0.34689655900001526,1.3766533136367798
85,0.3734177350997925,1.374190092086792
86,0.31963789463043213,1.3791325092315674
87,0.3405292332172394,1.3758023977279663
88,0.32242339849472046,1.371610403060913
89,0.417827308177948,1.3703404664993286
90,0.2583565413951874,1.3863329887390137
91,0.3391364812850952,1.374084711074829
92,0.3962395489215851,1.3693523406982422
93,0.3391364812850952,1.3765798807144165
94,0.3168523609638214,1.3793684244155884
95,0.3384401202201843,1.3750876188278198
96,0.3767409324645996,1.37035071849823
97,0.33704736828804016,1.3762718439102173
98,0.35654595494270325,1.3731353282928467
99,0.33704736828804016,1.3762898445129395
100,0.33704736828804016,1.3748810291290283
101,0.3774373233318329,1.369638442993164
102,0.3363509774208069,1.3758940696716309
103,0.320334255695343,1.3751713037490845
104,0.2994428873062134,1.38002610206604
105,0.3551532030105591,1.372069001197815
106,0.3767409324645996,1.3706659078598022
107,0.3488045036792755,1.3747302293777466
108,0.3041379451751709,1.3766446113586426
109,0.34192201495170593,1.3737982511520386
110,0.3874824047088623,1.3680740594863892
111,0.362758606672287,1.371764063835144
112,0.3182451128959656,1.3753458261489868
113,0.38161560893058777,1.3690459728240967
114,0.35236769914627075,1.3734694719314575
115,0.21935933828353882,1.3866989612579346
116,0.4303797483444214,1.3678810596466064
117,0.3739554286003113,1.3643864393234253
118,0.3806896507740021,1.3686370849609375
119,0.2611420750617981,1.3859983682632446
120,0.31434598565101624,1.372758150100708
121,0.41655173897743225,1.3642358779907227
122,0.33263009786605835,1.3726121187210083
123,0.3268965482711792,1.3747271299362183
124,0.3537604510784149,1.3733493089675903
125,0.4127988815307617,1.3644098043441772
126,0.2668965458869934,1.3810054063796997
127,0.2980501353740692,1.3766114711761475
128,0.34950774908065796,1.371946096420288
129,0.40206897258758545,1.3608733415603638
130,0.3122362792491913,1.3796327114105225
131,0.38231196999549866,1.3696744441986084
132,0.31128132343292236,1.3729873895645142
133,0.3551532030105591,1.3717079162597656
134,0.3544568121433258,1.369283676147461
135,0.31476321816444397,1.3725868463516235
136,0.3182451128959656,1.3763865232467651
137,0.3760445713996887,1.3670214414596558
138,0.33356547355651855,1.37449312210083
139,0.2959609925746918,1.3761274814605713
140,0.39763230085372925,1.363157868385315
141,0.33008357882499695,1.3729805946350098
142,0.3572423458099365,1.3706859350204468
143,0.33704736828804016,1.3689439296722412
144,0.3551532030105591,1.3684158325195312
145,0.33426183462142944,1.371616244316101
146,0.33356547355651855,1.3723827600479126
147,0.3537604510784149,1.3686774969100952
148,0.3349582254886627,1.3722466230392456
149,0.3133704662322998,1.374348521232605
150,0.3537604510784149,1.368270993232727
151,0.3537604510784149,1.3669553995132446
152,0.3305203914642334,1.369401216506958
153,0.3732590675354004,1.366782307624817
154,0.31931033730506897,1.373826503753662
155,0.31128132343292236,1.374045491218567
156,0.3767409324645996,1.3674815893173218
157,0.30590716004371643,1.3706693649291992
158,0.37931033968925476,1.3655630350112915
159,0.34810125827789307,1.366469383239746
160,0.3199999928474426,1.3730000257492065
161,0.3349582254886627,1.371596336364746
162,0.332172691822052,1.3728997707366943
163,0.3328690826892853,1.3723770380020142
164,0.3706047832965851,1.3580876588821411
165,0.34068965911865234,1.3713102340698242
166,0.3314763307571411,1.374078392982483
167,0.3140668570995331,1.3693829774856567
168,0.4101671278476715,1.3620920181274414
169,0.2541782855987549,1.377246618270874
170,0.38677918910980225,1.3655967712402344
171,0.3356545865535736,1.3673484325408936
172,0.3427586257457733,1.3665024042129517
173,0.37186628580093384,1.3679245710372925
174,0.2722841203212738,1.376206874847412
175,0.3725626766681671,1.365037441253662
176,0.3328690826892853,1.3648208379745483
177,0.3328690826892853,1.371692419052124
178,0.3544568121433258,1.367012858390808
179,0.2541782855987549,1.3790663480758667
180,0.4115598797798157,1.3610714673995972
181,0.3670886158943176,1.3601646423339844
182,0.3328690826892853,1.373668909072876
183,0.35236769914627075,1.3620636463165283
184,0.2945682406425476,1.373432993888855
185,0.32938718795776367,1.369002103805542
