epoch,accuracy,loss
0,0.22578489780426025,1.3890001773834229
1,0.20106880366802216,1.3904376029968262
2,0.2150968611240387,1.3881672620773315
3,0.2282463163137436,1.3844654560089111
4,0.24916499853134155,1.3807624578475952
5,0.2639999985694885,1.3821406364440918
6,0.2645290493965149,1.3802378177642822
7,0.3165997266769409,1.3826037645339966
8,0.3513694107532501,1.3772579431533813
9,0.4061456322669983,1.373835563659668
10,0.4059999883174896,1.3766857385635376
11,0.4123159348964691,1.3720479011535645
12,0.4014696180820465,1.3742648363113403
13,0.36940547823905945,1.3739229440689087
14,0.4221777021884918,1.365173578262329
15,0.37207749485969543,1.3713362216949463
16,0.39545759558677673,1.3638123273849487
17,0.3533734083175659,1.3726577758789062
18,0.36740148067474365,1.365531325340271
19,0.3807615339756012,1.3651347160339355
20,0.34268537163734436,1.367256760597229
21,0.37416332960128784,1.359541654586792
22,0.3086666762828827,1.372979998588562
23,0.398259699344635,1.3598893880844116
24,0.3786666691303253,1.3565342426300049
25,0.31726908683776855,1.362674355506897
26,0.36940547823905945,1.36262047290802
27,0.3627254366874695,1.3567901849746704
28,0.34669339656829834,1.361354112625122
29,0.37007346749305725,1.3531039953231812
30,0.32264527678489685,1.3633922338485718
31,0.36940547823905945,1.3521841764450073
32,0.33601072430610657,1.3578201532363892
33,0.3333333432674408,1.3647867441177368
34,0.37074148654937744,1.3486522436141968
35,0.3400133550167084,1.3594810962677002
36,0.3527054190635681,1.3507779836654663
37,0.3600534498691559,1.3497674465179443
38,0.3567603826522827,1.3501105308532715
39,0.3540000021457672,1.3515533208847046
40,0.3440428376197815,1.3601460456848145
