epoch,accuracy,loss
0,0.8895999789237976,17.293855667114258
1,0.8932999968528748,14.596526145935059
2,0.8955000042915344,13.207785606384277
3,0.8974000215530396,12.22256851196289
4,0.897599995136261,11.558798789978027
5,0.8970999717712402,11.227682113647461
6,0.899399995803833,10.922204971313477
7,0.8992000222206116,10.929780006408691
8,0.9003999829292297,10.759332656860352
9,0.900600016117096,10.545415878295898
10,0.900600016117096,10.390369415283203
11,0.9025999903678894,10.29403305053711
12,0.902400016784668,10.131155967712402
13,0.902899980545044,10.011876106262207
14,0.9042999744415283,9.804400444030762
15,0.9041000008583069,9.797629356384277
16,0.9043999910354614,9.621925354003906
17,0.90420001745224,9.511454582214355
18,0.9068999886512756,9.424607276916504
19,0.906499981880188,9.298877716064453
20,0.9077000021934509,9.217397689819336
21,0.9075999855995178,9.074871063232422
22,0.9070000052452087,8.999342918395996
23,0.9093999862670898,8.894733428955078
24,0.9093999862670898,8.91069221496582
25,0.9108999967575073,8.676709175109863
26,0.909600019454956,8.599507331848145
27,0.9099000096321106,8.487756729125977
28,0.9108999967575073,8.478001594543457
29,0.9108999967575073,8.42801570892334
30,0.9111999869346619,8.230446815490723
31,0.9138000011444092,8.305424690246582
32,0.9139000177383423,8.196742057800293
33,0.9143000245094299,8.18491268157959
34,0.9143999814987183,8.042180061340332
35,0.9132999777793884,8.043752670288086
36,0.913100004196167,8.039362907409668
37,0.9157999753952026,7.814498424530029
38,0.9157000184059143,7.83182954788208
39,0.9154999852180481,7.7622880935668945
40,0.9150999784469604,7.617588996887207
41,0.9164999723434448,7.592202186584473
42,0.9153000116348267,7.561927318572998
43,0.9174000024795532,7.4806928634643555
44,0.9168000221252441,7.590728759765625
45,0.9182000160217285,7.444454669952393
46,0.9190999865531921,7.328515529632568
47,0.9193000197410583,7.413638114929199
48,0.9186999797821045,7.4163641929626465
49,0.9193000197410583,7.230774402618408
