epoch,accuracy,loss
0,0.320200115442276,121.32223510742188
1,0.305381715297699,79.5182113647461
2,0.30956849455833435,61.82157897949219
3,0.3539712429046631,50.46720504760742
4,0.34312498569488525,42.76368713378906
5,0.3642052710056305,34.41362380981445
6,0.3752345144748688,31.892906188964844
7,0.39524704217910767,27.585939407348633
8,0.4002501666545868,25.150409698486328
9,0.3752345144748688,24.205081939697266
10,0.399624764919281,21.711639404296875
11,0.3914946913719177,20.22905731201172
12,0.4224030077457428,16.981170654296875
13,0.387116938829422,16.619840621948242
14,0.4202626645565033,14.209094047546387
15,0.4127579629421234,12.4255952835083
16,0.41677096486091614,10.671355247497559
17,0.38273921608924866,8.59447956085205
18,0.37562501430511475,7.003909111022949
19,0.3604505658149719,5.867916584014893
20,0.34459036588668823,4.866917133331299
21,0.3589743673801422,3.788661003112793
22,0.35522201657295227,3.410456418991089
23,0.3314571678638458,3.0061662197113037
24,0.3195747435092926,2.7408459186553955
25,0.33583489060401917,2.562587022781372
26,0.3001876175403595,2.1493465900421143
27,0.3341677188873291,2.2999069690704346
28,0.3208255171775818,2.1308443546295166
29,0.31707316637039185,2.0425009727478027
30,0.3314571678638458,2.0493736267089844
31,0.32207629084587097,1.970431923866272
32,0.3210262954235077,1.8288873434066772
33,0.3189493417739868,1.925822138786316
34,0.3133208155632019,1.6874624490737915
35,0.3458411395549774,1.7199534177780151
36,0.3145716190338135,1.7777361869812012
37,0.34896811842918396,1.6409480571746826
38,0.3016270399093628,1.7529431581497192
39,0.3195747435092926,1.6597585678100586
40,0.3133208155632019,1.6428452730178833
41,0.3595997393131256,1.5493727922439575
42,0.3120700418949127,1.6798439025878906
43,0.320200115442276,1.6220306158065796
44,0.3235294222831726,1.572035789489746
45,0.3331249952316284,1.6421486139297485
46,0.32395246624946594,1.5939191579818726
47,0.34271419048309326,1.5921069383621216
48,0.3235294222831726,1.5357459783554077
49,0.320200115442276,1.5034788846969604
50,0.3314571678638458,1.5180678367614746
51,0.33020636439323425,1.4846609830856323
52,0.35043805837631226,1.503841757774353
53,0.28267666697502136,1.4865341186523438
54,0.3589743673801422,1.5275393724441528
55,0.33583489060401917,1.469135046005249
56,0.30894309282302856,1.4722212553024292
57,0.3333333432674408,1.4819384813308716
58,0.3320825397968292,1.472069501876831
59,0.3277048170566559,1.5653332471847534
60,0.33479347825050354,1.4445018768310547
61,0.32124999165534973,1.4601905345916748
62,0.31351688504219055,1.4067981243133545
63,0.3727329671382904,1.4606432914733887
64,0.32270169258117676,1.393518090248108
65,0.320200115442276,1.4209201335906982
66,0.3527204394340515,1.38396155834198
67,0.2983114421367645,1.4439462423324585
68,0.332707941532135,1.4114922285079956
69,0.3272840976715088,1.4289668798446655
70,0.37023138999938965,1.4304871559143066
71,0.32833021879196167,1.4228748083114624
72,0.32895559072494507,1.387690544128418
73,0.33520951867103577,1.3987962007522583
74,0.36460286378860474,1.4147177934646606
75,0.32895559072494507,1.3890434503555298
76,0.3076923191547394,1.3728200197219849
77,0.34355443716049194,1.3671472072601318
78,0.36460286378860474,1.4018102884292603
79,0.32270169258117676,1.3920652866363525
80,0.3277048170566559,1.3724966049194336
81,0.3520950675010681,1.3958673477172852
82,0.34396496415138245,1.3296805620193481
83,0.332707941532135,1.3942289352416992
84,0.31101375818252563,1.4086958169937134
85,0.3671044409275055,1.3600260019302368
86,0.34959349036216736,1.3640668392181396
87,0.33646029233932495,1.3305385112762451
