epoch,accuracy,loss
0,0.8862000107765198,29.427127838134766
1,0.8914999961853027,11.211470603942871
2,0.8967000246047974,10.363850593566895
3,0.8992000222206116,9.751795768737793
4,0.9031000137329102,9.349770545959473
5,0.904699981212616,8.986818313598633
6,0.9068999886512756,8.558135986328125
7,0.9090999960899353,8.2509183883667
8,0.9108999967575073,7.939089775085449
9,0.9129999876022339,7.696709156036377
10,0.9147999882698059,7.479414939880371
11,0.9146000146865845,7.244350910186768
12,0.9180999994277954,7.081655502319336
13,0.9182999730110168,6.875798225402832
14,0.9189000129699707,6.780139923095703
15,0.9189000129699707,6.640359401702881
16,0.9205999970436096,6.493439674377441
17,0.9208999872207642,6.43133020401001
18,0.9222000241279602,6.29049015045166
19,0.92330002784729,6.152688980102539
20,0.9236999750137329,6.0345234870910645
21,0.9235000014305115,5.951240539550781
22,0.9246000051498413,5.833221435546875
23,0.9258999824523926,5.773303985595703
24,0.9261000156402588,5.647787570953369
25,0.9259999990463257,5.628189563751221
26,0.9272000193595886,5.518183708190918
27,0.927299976348877,5.469502925872803
28,0.9276999831199646,5.357058048248291
29,0.9282000064849854,5.336002349853516
30,0.929099977016449,5.2346014976501465
31,0.9293000102043152,5.221660614013672
32,0.9294000267982483,5.169429779052734
33,0.930400013923645,5.076469898223877
34,0.9312000274658203,5.096673488616943
35,0.9315000176429749,4.984607219696045
36,0.9319000244140625,4.922000408172607
37,0.9327999949455261,4.910411357879639
38,0.9332000017166138,4.89743185043335
39,0.9327999949455261,4.832840919494629
40,0.9330999851226807,4.781683921813965
41,0.9352999925613403,4.780093193054199
42,0.9337999820709229,4.707313060760498
43,0.9337000250816345,4.6091694831848145
44,0.9329000115394592,4.638216495513916
45,0.9344000220298767,4.633230686187744
46,0.9345999956130981,4.565040588378906
47,0.9340000152587891,4.510646820068359
48,0.9348000288009644,4.480428695678711
49,0.9351999759674072,4.464856147766113
50,0.9351000189781189,4.404977798461914
51,0.9348999857902527,4.409193515777588
52,0.9355999827384949,4.375631809234619
53,0.9362999796867371,4.310234546661377
54,0.9381999969482422,4.283053398132324
55,0.9363999962806702,4.248340606689453
56,0.9366999864578247,4.2277984619140625
57,0.9369000196456909,4.238339424133301
58,0.9376999735832214,4.1951093673706055
59,0.9387000203132629,4.15822172164917
60,0.9388999938964844,4.135869979858398
61,0.9388999938964844,4.114976406097412
62,0.9405999779701233,4.043881416320801
63,0.939300000667572,4.0328168869018555
64,0.9401999711990356,4.030574798583984
65,0.9397000074386597,3.9827890396118164
66,0.9419999718666077,3.9300339221954346
67,0.9416999816894531,3.9096901416778564
68,0.9412999749183655,3.8939003944396973
69,0.942300021648407,3.8540804386138916
70,0.9437000155448914,3.8395566940307617
71,0.9415000081062317,3.811119556427002
72,0.9430999755859375,3.7978031635284424
73,0.9430000185966492,3.791485548019409
74,0.9430999755859375,3.7247936725616455
75,0.9444000124931335,3.698363780975342
76,0.9424999952316284,3.739499568939209
77,0.9452000260353088,3.696230411529541
78,0.9434000253677368,3.701507806777954
79,0.9452000260353088,3.643062114715576
80,0.9448000192642212,3.6186270713806152
81,0.9438999891281128,3.5928542613983154
82,0.9452000260353088,3.5486230850219727
83,0.9463000297546387,3.502901554107666
84,0.9449999928474426,3.5384342670440674
85,0.9444000124931335,3.510849952697754
86,0.9460999965667725,3.487722635269165
87,0.9440000057220459,3.4733922481536865
88,0.9458000063896179,3.4158694744110107
89,0.9463000297546387,3.4375832080841064
90,0.9467999935150146,3.40158748626709
91,0.9469000101089478,3.3776934146881104
92,0.9452999830245972,3.359968423843384
93,0.9470000267028809,3.341871976852417
94,0.9473999738693237,3.334580421447754
95,0.9487000107765198,3.2961690425872803
96,0.9469000101089478,3.2556018829345703
97,0.9484999775886536,3.2681491374969482
98,0.9470000267028809,3.2148923873901367
99,0.9470999836921692,3.2740678787231445
100,0.9477999806404114,3.208109140396118
101,0.948199987411499,3.234548568725586
102,0.9477999806404114,3.206936836242676
103,0.9492999911308289,3.1581192016601562
104,0.949999988079071,3.1648693084716797
105,0.9483000040054321,3.130760669708252
106,0.9495000243186951,3.1247544288635254
107,0.9484000205993652,3.0791244506835938
108,0.9498999714851379,3.088430166244507
109,0.9491999745368958,3.0638492107391357
110,0.9495999813079834,3.0628674030303955
111,0.9509000182151794,3.038695812225342
112,0.9503999948501587,3.0276377201080322
113,0.9505000114440918,3.0034379959106445
114,0.9505000114440918,3.007601022720337
115,0.9491999745368958,2.9923243522644043
116,0.9510999917984009,2.9348974227905273
117,0.9508000016212463,2.9436421394348145
118,0.9524999856948853,2.927194833755493
119,0.9509999752044678,2.9154393672943115
120,0.95169997215271,2.9050278663635254
121,0.951200008392334,2.9185900688171387
122,0.9510999917984009,2.869454860687256
123,0.953000009059906,2.877260446548462
124,0.9510999917984009,2.8573997020721436
125,0.9509000182151794,2.80694317817688
126,0.9523000121116638,2.8301215171813965
127,0.9528999924659729,2.8210997581481934
128,0.9510999917984009,2.8107571601867676
129,0.9531000256538391,2.8029584884643555
130,0.9524999856948853,2.776447057723999
131,0.9532999992370605,2.7592005729675293
132,0.9520999789237976,2.7656848430633545
133,0.9534000158309937,2.746405839920044
134,0.9524000287055969,2.7306370735168457
135,0.9535999894142151,2.734529972076416
136,0.9539999961853027,2.722649574279785
137,0.9541000127792358,2.696399450302124
138,0.9531000256538391,2.6737422943115234
139,0.953499972820282,2.6627683639526367
140,0.954800009727478,2.6405153274536133
141,0.9553999900817871,2.615345001220703
142,0.9538000226020813,2.632556915283203
143,0.9553999900817871,2.5987017154693604
144,0.954800009727478,2.621227741241455
145,0.955299973487854,2.5655415058135986
146,0.9541000127792358,2.601053237915039
147,0.9555000066757202,2.5756051540374756
148,0.9549999833106995,2.5639069080352783
149,0.9556000232696533,2.5581448078155518
150,0.954200029373169,2.513566493988037
151,0.9564999938011169,2.5323004722595215
152,0.954800009727478,2.5124282836914062
153,0.9545000195503235,2.5014944076538086
154,0.9553999900817871,2.4571549892425537
155,0.957099974155426,2.464588165283203
156,0.9544000029563904,2.456333875656128
157,0.9562000036239624,2.4625961780548096
158,0.9574000239372253,2.422419309616089
159,0.9580000042915344,2.4309046268463135
160,0.9564999938011169,2.4322686195373535
161,0.9574999809265137,2.4234704971313477
162,0.9570000171661377,2.3898894786834717
163,0.95660001039505,2.3721394538879395
164,0.9567000269889832,2.404696226119995
165,0.9574999809265137,2.351203441619873
166,0.9562000036239624,2.3599588871002197
167,0.9585000276565552,2.354140043258667
168,0.9577000141143799,2.351362466812134
169,0.9575999975204468,2.344088077545166
170,0.9578999876976013,2.3126301765441895
171,0.9585000276565552,2.304530620574951
172,0.9585999846458435,2.2967073917388916
173,0.9585000276565552,2.2648568153381348
174,0.9595999717712402,2.269810199737549
175,0.9571999907493591,2.2529921531677246
176,0.9585999846458435,2.2289764881134033
177,0.9596999883651733,2.2478532791137695
178,0.9588000178337097,2.2421188354492188
179,0.9611999988555908,2.214148759841919
180,0.960099995136261,2.221466302871704
181,0.9595999717712402,2.1893181800842285
182,0.9606999754905701,2.2119643688201904
183,0.9592999815940857,2.206770181655884
184,0.960099995136261,2.1585605144500732
185,0.9607999920845032,2.1853678226470947
186,0.9599999785423279,2.1530659198760986
187,0.9595999717712402,2.140955924987793
188,0.9617000222206116,2.1381163597106934
189,0.9613999724388123,2.131441116333008
190,0.9609000086784363,2.114758014678955
191,0.9595999717712402,2.114215612411499
192,0.9628999829292297,2.1016156673431396
193,0.9616000056266785,2.074174404144287
194,0.9611999988555908,2.0736336708068848
195,0.9605000019073486,2.0630979537963867
196,0.9625999927520752,2.0843868255615234
197,0.9611999988555908,2.0508055686950684
198,0.9610000252723694,2.0543365478515625
199,0.9617999792098999,2.057090997695923
200,0.9628000259399414,2.0231173038482666
201,0.9635000228881836,2.012263059616089
202,0.9624999761581421,1.9887539148330688
203,0.9617999792098999,2.009788751602173
204,0.9621000289916992,1.9846996068954468
205,0.9628999829292297,1.9683917760849
206,0.9627000093460083,1.9719434976577759
207,0.9632999897003174,1.9548630714416504
208,0.9628000259399414,1.947479486465454
209,0.963100016117096,1.9323862791061401
210,0.961899995803833,1.9376046657562256
211,0.9638000130653381,1.932154893875122
212,0.9635999798774719,1.9113843441009521
213,0.9631999731063843,1.9071818590164185
214,0.963100016117096,1.9003808498382568
215,0.9632999897003174,1.8841267824172974
216,0.963699996471405,1.8919086456298828
217,0.9650999903678894,1.8762519359588623
218,0.9641000032424927,1.8688933849334717
219,0.9638000130653381,1.8532803058624268
220,0.9634000062942505,1.8483574390411377
221,0.9652000069618225,1.8357713222503662
222,0.9638000130653381,1.8416451215744019
223,0.9656000137329102,1.8169716596603394
224,0.9659000039100647,1.8077398538589478
225,0.9643999934196472,1.809860110282898
226,0.9642000198364258,1.803550362586975
227,0.9664000272750854,1.7820937633514404
228,0.9674000144004822,1.7945170402526855
229,0.9649999737739563,1.7821247577667236
230,0.9664000272750854,1.762664794921875
231,0.9660999774932861,1.7409710884094238
232,0.9653000235557556,1.7746732234954834
233,0.9666000008583069,1.7395597696304321
234,0.9660999774932861,1.7314144372940063
235,0.9660000205039978,1.7239106893539429
236,0.9664999842643738,1.721939206123352
237,0.9664999842643738,1.7092818021774292
238,0.9664000272750854,1.7182185649871826
239,0.9663000106811523,1.7008023262023926
240,0.9668999910354614,1.698776125907898
241,0.9672999978065491,1.6742950677871704
242,0.9670000076293945,1.6750980615615845
243,0.9664000272750854,1.6833992004394531
244,0.9661999940872192,1.6883652210235596
245,0.9656000137329102,1.664474368095398
246,0.967199981212616,1.656862497329712
247,0.9674000144004822,1.656641960144043
248,0.9674000144004822,1.6447811126708984
249,0.967199981212616,1.6364177465438843
