epoch,accuracy,loss
0,0.27399998903274536,74.49143981933594
1,0.34333333373069763,53.50550079345703
2,0.3659999966621399,47.642704010009766
3,0.4166666567325592,39.88972091674805
4,0.4166666567325592,38.11038589477539
5,0.4606666564941406,31.553409576416016
6,0.46799999475479126,30.01699447631836
7,0.492000013589859,27.716690063476562
8,0.4893333315849304,27.488950729370117
9,0.5199999809265137,23.002458572387695
10,0.5106666684150696,24.044940948486328
11,0.5373333096504211,22.50542640686035
12,0.5493333339691162,21.362756729125977
13,0.5426666736602783,21.45473861694336
14,0.5619999766349792,19.635984420776367
15,0.5533333420753479,19.62051010131836
16,0.5786666870117188,17.935028076171875
17,0.5713333487510681,18.844982147216797
18,0.5946666598320007,16.95990562438965
19,0.581333339214325,18.237424850463867
20,0.628000020980835,15.587305068969727
21,0.5873333215713501,16.361494064331055
22,0.6086666584014893,14.673397064208984
23,0.6100000143051147,15.33433723449707
24,0.6359999775886536,14.379912376403809
25,0.6179999709129333,14.922774314880371
26,0.6393333077430725,14.322450637817383
27,0.6566666960716248,12.310039520263672
28,0.6460000276565552,13.172294616699219
29,0.6399999856948853,13.032896995544434
30,0.656000018119812,12.119562149047852
31,0.659333348274231,12.273722648620605
32,0.6620000004768372,11.7471284866333
33,0.6819999814033508,11.038893699645996
34,0.6546666622161865,11.643878936767578
35,0.6933333277702332,10.729763984680176
36,0.6866666674613953,10.040287971496582
37,0.6859999895095825,10.564580917358398
38,0.7039999961853027,10.16110897064209
39,0.7020000219345093,9.159595489501953
40,0.6993333101272583,9.702224731445312
41,0.7133333086967468,8.788585662841797
42,0.6953333616256714,9.48051929473877
43,0.7160000205039978,8.663924217224121
44,0.718666672706604,8.427042007446289
45,0.7160000205039978,8.332992553710938
46,0.7259259223937988,8.307250022888184
