epoch,accuracy,loss
0,0.8970000147819519,13.842645645141602
1,0.8955000042915344,11.822251319885254
2,0.8985999822616577,11.187704086303711
3,0.8995000123977661,10.710874557495117
4,0.900600016117096,10.55273151397705
5,0.901199996471405,10.127532958984375
6,0.9017000198364258,9.719118118286133
7,0.9031000137329102,9.521323204040527
8,0.904699981212616,9.418161392211914
9,0.9049000144004822,9.265242576599121
10,0.9046000242233276,8.95705509185791
11,0.906000018119812,8.771101951599121
12,0.906000018119812,8.678863525390625
13,0.9085000157356262,8.447827339172363
14,0.9071999788284302,8.380292892456055
15,0.9097999930381775,8.182280540466309
16,0.909600019454956,8.11513900756836
17,0.910099983215332,7.911174297332764
18,0.9126999974250793,7.820250988006592
19,0.9121000170707703,7.725327968597412
20,0.9144999980926514,7.608622074127197
21,0.9129999876022339,7.436368942260742
22,0.9144999980926514,7.486024379730225
23,0.9153000116348267,7.3763580322265625
24,0.9157000184059143,7.243144512176514
25,0.916700005531311,7.144420146942139
26,0.9180999994277954,7.0027899742126465
27,0.9168999791145325,7.032839775085449
28,0.9168000221252441,6.889225006103516
29,0.9199000000953674,6.841855525970459
30,0.920799970626831,6.877229690551758
31,0.9192000031471252,6.70151424407959
32,0.9194999933242798,6.618610858917236
33,0.9193999767303467,6.545316696166992
34,0.9207000136375427,6.561321258544922
35,0.9208999872207642,6.4532470703125
36,0.9215999841690063,6.348193168640137
37,0.9229999780654907,6.366636276245117
38,0.9223999977111816,6.328244686126709
39,0.9222999811172485,6.291776657104492
40,0.9217000007629395,6.175209045410156
41,0.9246000051498413,6.14116907119751
42,0.9225999712944031,6.074403762817383
43,0.9247999787330627,6.03344202041626
44,0.9244999885559082,6.02661657333374
45,0.926800012588501,5.935646057128906
46,0.9251999855041504,5.943900108337402
47,0.9244999885559082,5.888175964355469
48,0.9264000058174133,5.813823699951172
49,0.9259999990463257,5.822526931762695
50,0.9291999936103821,5.713791847229004
51,0.9269000291824341,5.732276439666748
52,0.9280999898910522,5.68045711517334
53,0.9273999929428101,5.652022838592529
54,0.9296000003814697,5.640007495880127
55,0.9294999837875366,5.552380561828613
56,0.9279999732971191,5.528416156768799
57,0.9276000261306763,5.525176525115967
58,0.9287999868392944,5.462967395782471
59,0.930400013923645,5.522858142852783
60,0.9279000163078308,5.427145481109619
61,0.9297000169754028,5.3572678565979
62,0.9308000206947327,5.356958389282227
63,0.9315000176429749,5.329163551330566
64,0.9309999942779541,5.2687482833862305
65,0.9311000108718872,5.323314666748047
66,0.9309999942779541,5.21541690826416
67,0.9298999905586243,5.2154412269592285
68,0.9315999746322632,5.155942916870117
69,0.9307000041007996,5.125091552734375
70,0.9330000281333923,5.09307336807251
71,0.9307000041007996,5.103885173797607
72,0.9320999979972839,5.053328037261963
73,0.9323999881744385,5.029839038848877
74,0.9337999820709229,4.993473529815674
75,0.9319000244140625,4.901228427886963
76,0.9337000250816345,4.973329067230225
77,0.9325000047683716,4.913392543792725
78,0.934499979019165,4.917235374450684
79,0.9340999722480774,4.8007121086120605
80,0.9352999925613403,4.738373279571533
81,0.9345999956130981,4.818758487701416
82,0.9351999759674072,4.7225565910339355
83,0.9354000091552734,4.7017903327941895
84,0.9343000054359436,4.730072021484375
85,0.9350000023841858,4.631692886352539
86,0.9350000023841858,4.66406774520874
87,0.9355999827384949,4.59657096862793
88,0.9370999932289124,4.592650890350342
89,0.9358999729156494,4.55849552154541
90,0.935699999332428,4.617489337921143
91,0.9373999834060669,4.45961856842041
92,0.9377999901771545,4.509586811065674
93,0.9373999834060669,4.498276710510254
94,0.9362999796867371,4.486730098724365
95,0.9376999735832214,4.42177677154541
96,0.9369999766349792,4.437407970428467
97,0.9380999803543091,4.438683986663818
98,0.9386000037193298,4.378562927246094
99,0.9391000270843506,4.367923259735107
100,0.9373000264167786,4.367082595825195
101,0.9373000264167786,4.35063362121582
102,0.9370999932289124,4.362560272216797
103,0.9388999938964844,4.2727885246276855
104,0.9380999803543091,4.290395259857178
105,0.939300000667572,4.22603702545166
106,0.9380000233650208,4.260049819946289
107,0.9384999871253967,4.2305192947387695
108,0.9394000172615051,4.240881443023682
109,0.9386000037193298,4.215484619140625
110,0.9398999810218811,4.143311977386475
111,0.9409999847412109,4.106083393096924
112,0.9391000270843506,4.168793201446533
113,0.9405999779701233,4.113548278808594
114,0.9387999773025513,4.128105640411377
115,0.9401999711990356,4.034570693969727
116,0.9388999938964844,4.130575180053711
117,0.9412999749183655,4.054595470428467
118,0.941100001335144,4.061689853668213
119,0.9416000247001648,3.966329574584961
120,0.9405999779701233,4.046764850616455
121,0.9406999945640564,3.993112802505493
122,0.9417999982833862,3.9852237701416016
123,0.9405999779701233,3.915370225906372
124,0.9426000118255615,3.9470252990722656
125,0.9415000081062317,3.925121784210205
126,0.9419000148773193,3.9218742847442627
127,0.9416999816894531,3.921869993209839
128,0.942300021648407,3.8556151390075684
129,0.9416999816894531,3.8466672897338867
130,0.9415000081062317,3.824617624282837
131,0.942799985408783,3.834796190261841
132,0.9437000155448914,3.836236000061035
133,0.9412999749183655,3.7993719577789307
134,0.9430000185966492,3.813833475112915
135,0.9447000026702881,3.8179235458374023
136,0.9452999830245972,3.7110917568206787
137,0.9434999823570251,3.7565011978149414
138,0.9444000124931335,3.686836004257202
139,0.9437999725341797,3.7093214988708496
140,0.9438999891281128,3.7172069549560547
141,0.9448999762535095,3.701535940170288
142,0.9437000155448914,3.695711612701416
143,0.9435999989509583,3.6661128997802734
144,0.946399986743927,3.652682304382324
145,0.9470999836921692,3.646446466445923
146,0.9448999762535095,3.6253721714019775
147,0.9453999996185303,3.5967018604278564
148,0.9465000033378601,3.554969072341919
149,0.9456999897956848,3.5565409660339355
150,0.9459999799728394,3.5666956901550293
151,0.9470000267028809,3.5497090816497803
152,0.9467999935150146,3.588078498840332
153,0.9473999738693237,3.5479254722595215
154,0.9462000131607056,3.5323543548583984
155,0.9463000297546387,3.506486654281616
156,0.9472000002861023,3.5145819187164307
157,0.9470999836921692,3.508201837539673
158,0.947700023651123,3.4746510982513428
159,0.9470999836921692,3.4515364170074463
160,0.9465000033378601,3.4204964637756348
161,0.9480000138282776,3.418564558029175
162,0.9490000009536743,3.4273722171783447
163,0.9488000273704529,3.4128620624542236
164,0.9477999806404114,3.397576093673706
165,0.9477999806404114,3.3857007026672363
166,0.9477999806404114,3.37341570854187
167,0.9474999904632568,3.3830811977386475
168,0.9480999708175659,3.329103946685791
169,0.9498000144958496,3.36395001411438
170,0.9488999843597412,3.308009386062622
171,0.9487000107765198,3.288573741912842
172,0.9487000107765198,3.295670986175537
173,0.9491000175476074,3.2552225589752197
174,0.9484999775886536,3.285875082015991
175,0.9488000273704529,3.2523083686828613
176,0.9484000205993652,3.2675278186798096
177,0.9495000243186951,3.214524030685425
178,0.949400007724762,3.2157607078552246
179,0.9495000243186951,3.246455192565918
180,0.9488000273704529,3.2264809608459473
181,0.9496999979019165,3.231158494949341
182,0.9508000016212463,3.152210235595703
183,0.9513000249862671,3.172602415084839
184,0.9502999782562256,3.130842447280884
185,0.9502000212669373,3.221318244934082
186,0.9502000212669373,3.178112268447876
187,0.9510999917984009,3.091552734375
188,0.9510999917984009,3.1467723846435547
189,0.9510999917984009,3.15185546875
190,0.9520999789237976,3.1032228469848633
191,0.9513999819755554,3.118630886077881
192,0.9503999948501587,3.144745349884033
193,0.9535999894142151,3.0475986003875732
194,0.9502999782562256,3.0472283363342285
195,0.9519000053405762,3.0504589080810547
196,0.9513999819755554,3.0875630378723145
197,0.9517999887466431,3.040710926055908
198,0.9520999789237976,3.027771472930908
199,0.9516000151634216,3.0159847736358643
200,0.9516000151634216,3.033672571182251
201,0.9524999856948853,2.996671676635742
202,0.9534000158309937,2.971113920211792
203,0.9531999826431274,2.947293758392334
204,0.9549999833106995,2.973349094390869
205,0.9532999992370605,2.973402500152588
206,0.9523000121116638,2.9928603172302246
207,0.9531999826431274,2.9482383728027344
208,0.9532999992370605,2.9512314796447754
209,0.9537000060081482,2.9108645915985107
210,0.9521999955177307,2.9611756801605225
211,0.9539999961853027,2.90091872215271
212,0.9524000287055969,2.892033576965332
213,0.9531999826431274,2.8939435482025146
214,0.9524999856948853,2.9002580642700195
215,0.953499972820282,2.8799757957458496
216,0.954800009727478,2.846268653869629
217,0.953000009059906,2.8389010429382324
218,0.954800009727478,2.828402280807495
219,0.9538000226020813,2.8453102111816406
220,0.9535999894142151,2.8777084350585938
221,0.9538000226020813,2.8334312438964844
222,0.954800009727478,2.804715394973755
223,0.9546999931335449,2.8173141479492188
224,0.9534000158309937,2.8483877182006836
225,0.9563000202178955,2.786536693572998
226,0.9552000164985657,2.7683615684509277
227,0.9553999900817871,2.7568111419677734
228,0.9564999938011169,2.747515916824341
229,0.9552000164985657,2.7605793476104736
230,0.9556000232696533,2.745360851287842
231,0.9563999772071838,2.7352371215820312
232,0.9564999938011169,2.7078700065612793
233,0.9567999839782715,2.730029582977295
234,0.9562000036239624,2.699009895324707
235,0.9581999778747559,2.7294862270355225
236,0.9563999772071838,2.698871612548828
237,0.9563000202178955,2.6981658935546875
238,0.9570000171661377,2.6858632564544678
239,0.9559000134468079,2.6980278491973877
240,0.9567999839782715,2.6366257667541504
241,0.9577000141143799,2.688504695892334
242,0.9567999839782715,2.633168935775757
243,0.9570000171661377,2.6405844688415527
244,0.9563999772071838,2.6082370281219482
245,0.9570000171661377,2.621407985687256
246,0.958299994468689,2.590219736099243
247,0.9559999704360962,2.6267542839050293
248,0.9573000073432922,2.599085569381714
249,0.9580000042915344,2.597034454345703
250,0.9585999846458435,2.6182432174682617
251,0.95660001039505,2.5988385677337646
252,0.9580000042915344,2.5811569690704346
253,0.9585000276565552,2.564964532852173
254,0.9595999717712402,2.575150728225708
255,0.9584000110626221,2.5674967765808105
256,0.9592999815940857,2.5403661727905273
257,0.9599000215530396,2.547353982925415
258,0.9605000019073486,2.538717269897461
259,0.958899974822998,2.4920496940612793
260,0.9589999914169312,2.523017644882202
261,0.9587000012397766,2.515091896057129
262,0.9602000117301941,2.5187106132507324
263,0.9599999785423279,2.5023891925811768
264,0.9606000185012817,2.478811502456665
265,0.9599000215530396,2.491253614425659
266,0.9599000215530396,2.472184896469116
267,0.9592000246047974,2.5089571475982666
268,0.9606999754905701,2.437767505645752
269,0.9596999883651733,2.44663667678833
270,0.9598000049591064,2.4419631958007812
271,0.9607999920845032,2.4822745323181152
272,0.9603000283241272,2.4224929809570312
273,0.9599999785423279,2.435612201690674
274,0.9605000019073486,2.429013729095459
275,0.9596999883651733,2.4227192401885986
276,0.9614999890327454,2.397434711456299
277,0.9603999853134155,2.4344100952148438
278,0.9610999822616577,2.358510732650757
279,0.9607999920845032,2.377105474472046
280,0.9606000185012817,2.4162306785583496
281,0.9602000117301941,2.400906801223755
282,0.9616000056266785,2.3467254638671875
283,0.9609000086784363,2.3386707305908203
284,0.9607999920845032,2.3488519191741943
285,0.9624000191688538,2.3426761627197266
286,0.9613999724388123,2.353224515914917
287,0.9616000056266785,2.3465397357940674
288,0.9607999920845032,2.3341219425201416
289,0.961899995803833,2.3169169425964355
290,0.9602000117301941,2.3181047439575195
291,0.9624999761581421,2.3272769451141357
292,0.9613000154495239,2.2948174476623535
293,0.9614999890327454,2.3016653060913086
294,0.9605000019073486,2.306364059448242
295,0.9621999859809875,2.240025520324707
296,0.9614999890327454,2.3294413089752197
297,0.9617000222206116,2.2358124256134033
298,0.9639000296592712,2.232299327850342
299,0.9634000062942505,2.2441935539245605
300,0.9625999927520752,2.234001874923706
301,0.9628000259399414,2.235783815383911
302,0.9613000154495239,2.2566187381744385
303,0.961899995803833,2.2420973777770996
304,0.9639999866485596,2.251243829727173
305,0.9642000198364258,2.2264022827148438
306,0.9631999731063843,2.2041971683502197
307,0.9628000259399414,2.1942899227142334
308,0.9623000025749207,2.2048232555389404
309,0.9628999829292297,2.1944336891174316
310,0.9620000123977661,2.2037734985351562
311,0.9645000100135803,2.221022367477417
312,0.9643999934196472,2.1465017795562744
313,0.964900016784668,2.1585752964019775
314,0.9632999897003174,2.1720781326293945
315,0.9627000093460083,2.18027663230896
316,0.9638000130653381,2.1681039333343506
317,0.9646000266075134,2.1488895416259766
318,0.963699996471405,2.142995834350586
319,0.9642999768257141,2.168074131011963
320,0.9642999768257141,2.1261746883392334
321,0.9643999934196472,2.133108139038086
322,0.9638000130653381,2.133859872817993
323,0.9645000100135803,2.126232385635376
324,0.9656000137329102,2.1333742141723633
325,0.9631999731063843,2.1194956302642822
326,0.9642999768257141,2.0852012634277344
327,0.9631999731063843,2.0796024799346924
328,0.965399980545044,2.072244882583618
329,0.965399980545044,2.06235408782959
330,0.9653000235557556,2.061941146850586
331,0.9639999866485596,2.0628583431243896
332,0.9646999835968018,2.063216209411621
333,0.9638000130653381,2.058715581893921
334,0.9652000069618225,2.048312187194824
335,0.9642000198364258,2.0417399406433105
336,0.965499997138977,2.0192415714263916
337,0.9660000205039978,2.030426263809204
338,0.9649999737739563,2.020204782485962
339,0.9656999707221985,2.037550449371338
340,0.9657999873161316,2.005756139755249
341,0.9652000069618225,1.9734035730361938
342,0.9645000100135803,2.045285701751709
343,0.9646000266075134,2.0390284061431885
344,0.9653000235557556,2.005347490310669
345,0.9656000137329102,2.0119788646698
346,0.9649999737739563,1.996476411819458
347,0.9649999737739563,2.0138134956359863
348,0.9648000001907349,1.958317756652832
349,0.9671000242233276,1.9768096208572388
350,0.9646000266075134,1.9898861646652222
351,0.9656999707221985,1.9545574188232422
352,0.9668999910354614,1.9606654644012451
353,0.9670000076293945,1.9717671871185303
354,0.9670000076293945,1.9490232467651367
355,0.9678999781608582,1.9606789350509644
356,0.9653000235557556,1.9550217390060425
357,0.967199981212616,1.9024416208267212
358,0.9653000235557556,1.9567192792892456
359,0.9661999940872192,1.9189796447753906
360,0.96670001745224,1.914550542831421
361,0.9682000279426575,1.9124633073806763
362,0.9664000272750854,1.8945040702819824
363,0.9681000113487244,1.9177783727645874
364,0.9674000144004822,1.878739833831787
365,0.9674000144004822,1.8694062232971191
366,0.9664999842643738,1.8974615335464478
367,0.9685999751091003,1.8891011476516724
368,0.9688000082969666,1.8674432039260864
369,0.9681000113487244,1.8718539476394653
370,0.968500018119812,1.8686314821243286
371,0.9671000242233276,1.8730169534683228
372,0.9692000150680542,1.8758963346481323
373,0.9686999917030334,1.8253105878829956
374,0.9678999781608582,1.8213621377944946
375,0.9685999751091003,1.8098077774047852
376,0.9678000211715698,1.8527480363845825
377,0.9686999917030334,1.8443665504455566
378,0.9679999947547913,1.8290259838104248
379,0.9682000279426575,1.8421552181243896
380,0.9692000150680542,1.813378095626831
381,0.9686999917030334,1.8258885145187378
382,0.9697999954223633,1.8166533708572388
383,0.9692000150680542,1.8345717191696167
384,0.9697999954223633,1.775444746017456
385,0.9689000248908997,1.8108819723129272
386,0.9686999917030334,1.8015265464782715
387,0.9692999720573425,1.8098064661026
388,0.9690999984741211,1.7743690013885498
389,0.9699000120162964,1.7505561113357544
390,0.9697999954223633,1.780517339706421
391,0.9693999886512756,1.7557005882263184
392,0.9690999984741211,1.7614024877548218
393,0.9692000150680542,1.7773140668869019
394,0.9699000120162964,1.7560224533081055
395,0.9692000150680542,1.7641170024871826
396,0.970300018787384,1.760879635810852
397,0.9715999960899353,1.7214808464050293
398,0.9695000052452087,1.7400060892105103
399,0.9697999954223633,1.75095796585083
400,0.9702000021934509,1.7434351444244385
401,0.9706000089645386,1.7365169525146484
402,0.9708999991416931,1.7230123281478882
403,0.9696000218391418,1.6897011995315552
404,0.9713000059127808,1.6996275186538696
405,0.9714000225067139,1.7201491594314575
406,0.9704999923706055,1.7043237686157227
407,0.9690999984741211,1.7014904022216797
408,0.9706000089645386,1.6903541088104248
409,0.9715999960899353,1.6978918313980103
410,0.9704999923706055,1.6691200733184814
411,0.97079998254776,1.6552056074142456
412,0.9702000021934509,1.6840217113494873
413,0.9699000120162964,1.6868023872375488
414,0.9721999764442444,1.681132197380066
415,0.9706000089645386,1.6915448904037476
416,0.9704999923706055,1.681902527809143
417,0.9706000089645386,1.6474568843841553
418,0.972000002861023,1.6432487964630127
419,0.972000002861023,1.6466046571731567
420,0.970300018787384,1.6521953344345093
421,0.9728000164031982,1.6349024772644043
422,0.9713000059127808,1.6192718744277954
423,0.9722999930381775,1.6068867444992065
424,0.9714999794960022,1.6386847496032715
425,0.9714000225067139,1.6345865726470947
426,0.9724000096321106,1.6268850564956665
427,0.9708999991416931,1.6350524425506592
428,0.9718000292778015,1.6003437042236328
429,0.9714000225067139,1.5975933074951172
430,0.9713000059127808,1.6202878952026367
431,0.972000002861023,1.614461064338684
432,0.9725000262260437,1.591693639755249
433,0.9710999727249146,1.5859590768814087
434,0.9718999862670898,1.590132236480713
435,0.972599983215332,1.5826048851013184
436,0.9703999757766724,1.6282293796539307
437,0.9721999764442444,1.5632100105285645
438,0.9718999862670898,1.5807254314422607
439,0.9729999899864197,1.5962388515472412
440,0.9731000065803528,1.5430293083190918
441,0.9726999998092651,1.551023006439209
442,0.9722999930381775,1.5763520002365112
443,0.972100019454956,1.5706321001052856
444,0.9724000096321106,1.5253385305404663
445,0.9732999801635742,1.5678666830062866
446,0.9721999764442444,1.553493857383728
447,0.9740999937057495,1.5239859819412231
448,0.973800003528595,1.5564109086990356
449,0.9735000133514404,1.4986037015914917
450,0.9735000133514404,1.5081839561462402
451,0.9728000164031982,1.513062834739685
452,0.9750000238418579,1.502700924873352
453,0.9739000201225281,1.4946011304855347
454,0.972000002861023,1.5438787937164307
455,0.9728999733924866,1.4883227348327637
456,0.9736999869346619,1.4759496450424194
457,0.972000002861023,1.4948166608810425
458,0.9742000102996826,1.4823286533355713
459,0.9721999764442444,1.5246766805648804
460,0.9735000133514404,1.4774523973464966
461,0.9746999740600586,1.461464524269104
462,0.9728000164031982,1.4811877012252808
463,0.9736999869346619,1.4836318492889404
464,0.9753000140190125,1.4598361253738403
465,0.974399983882904,1.4498724937438965
466,0.9747999906539917,1.4704960584640503
467,0.9754999876022339,1.4438188076019287
468,0.9747999906539917,1.4382286071777344
469,0.9754999876022339,1.4314398765563965
470,0.9733999967575073,1.449884057044983
471,0.9742000102996826,1.442017674446106
472,0.9760000109672546,1.474491000175476
473,0.9750000238418579,1.4405933618545532
474,0.9757000207901001,1.445308804512024
475,0.9753999710083008,1.4169272184371948
476,0.9757000207901001,1.4431867599487305
477,0.9746000170707703,1.406656265258789
478,0.974399983882904,1.3978232145309448
479,0.9757999777793884,1.4169201850891113
480,0.9757000207901001,1.4117752313613892
481,0.9757000207901001,1.4172457456588745
482,0.9757999777793884,1.404929757118225
483,0.9753999710083008,1.3959474563598633
484,0.9761999845504761,1.402352213859558
485,0.9745000004768372,1.3752654790878296
486,0.975600004196167,1.3963569402694702
487,0.9757999777793884,1.38761305809021
488,0.9768999814987183,1.3963685035705566
489,0.9776999950408936,1.3643375635147095
490,0.9768999814987183,1.3821645975112915
491,0.9754999876022339,1.3764234781265259
492,0.9750999808311462,1.3659231662750244
493,0.9757000207901001,1.3691600561141968
494,0.9751999974250793,1.3747406005859375
495,0.9760000109672546,1.3498075008392334
496,0.9764999747276306,1.3537472486495972
497,0.9753999710083008,1.3370921611785889
498,0.9764999747276306,1.3281368017196655
499,0.9747999906539917,1.3575539588928223
