epoch,accuracy,loss
0,0.2883051931858063,60.09646987915039
1,0.30268919467926025,42.98604965209961
2,0.3385481834411621,32.582027435302734
3,0.33812499046325684,26.550498962402344
4,0.3491864800453186,19.40349006652832
5,0.34333959221839905,16.868467330932617
6,0.35021889209747314,15.042787551879883
7,0.38899311423301697,12.892451286315918
8,0.39549437165260315,11.919026374816895
9,0.39750000834465027,10.842731475830078
10,0.39587241411209106,11.032776832580566
11,0.41739675402641296,9.735077857971191
12,0.4077548384666443,9.867471694946289
13,0.4271419644355774,8.856950759887695
14,0.4183864891529083,8.735283851623535
15,0.45028141140937805,7.798232078552246
16,0.44965603947639465,7.9435248374938965
17,0.4546591639518738,7.325319290161133
18,0.43714821338653564,7.6426167488098145
19,0.4674593210220337,6.893316745758057
20,0.46404001116752625,6.551784515380859
21,0.479049414396286,6.35962438583374
22,0.4740462899208069,6.267782211303711
23,0.4878048896789551,5.821567535400391
24,0.5015634894371033,5.32282829284668
25,0.49656036496162415,5.831170558929443
26,0.5100125074386597,4.9377875328063965
27,0.5109443664550781,4.936241149902344
28,0.534375011920929,4.921698093414307
29,0.5209768414497375,4.617593765258789
30,0.5631250143051147,4.50454044342041
31,0.5231539607048035,4.248297691345215
32,0.5509693622589111,4.351744651794434
33,0.5509693622589111,4.145766258239746
34,0.5616009831428528,4.163069725036621
35,0.5691056847572327,3.8392670154571533
36,0.5709818601608276,3.666487693786621
37,0.5791119337081909,3.6197516918182373
38,0.577235758304596,3.4906606674194336
39,0.6047529578208923,3.2930452823638916
40,0.589486837387085,3.3986098766326904
41,0.6085053086280823,3.1841180324554443
42,0.6041275858879089,3.040288209915161
43,0.6191369891166687,2.934760570526123
44,0.6320400238037109,2.837059497833252
45,0.6274999976158142,2.9311187267303467
46,0.6278924345970154,2.5776336193084717
47,0.6558197736740112,2.6068930625915527
48,0.6481249928474426,2.5291192531585693
49,0.6608260273933411,2.471208333969116
50,0.6591619849205017,2.4027926921844482
51,0.6679174304008484,2.1736395359039307
52,0.6741713285446167,2.1747665405273438
53,0.6791744828224182,2.1418888568878174
54,0.6608260273933411,2.367953062057495
55,0.7043750286102295,1.8574060201644897
56,0.7090112566947937,1.9703119993209839
57,0.6916822791099548,1.8886698484420776
58,0.7029393315315247,1.820641279220581
59,0.7166979312896729,1.7004450559616089
60,0.6991869807243347,1.9143403768539429
61,0.7267041802406311,1.6333644390106201
62,0.7448405027389526,1.5937042236328125
63,0.7165206670761108,1.7789599895477295
64,0.7260788083076477,1.5787101984024048
65,0.7404627799987793,1.4446079730987549
66,0.7571964859962463,1.4550750255584717
67,0.753125011920929,1.4558768272399902
68,0.770963728427887,1.2207030057907104
69,0.7392120361328125,1.4302539825439453
70,0.774233877658844,1.1061242818832397
71,0.7692307829856873,1.340647578239441
72,0.7686053514480591,1.305816650390625
73,0.7772215008735657,1.2540053129196167
74,0.7823639512062073,1.099357008934021
75,0.7881249785423279,1.2231965065002441
76,0.7823639512062073,1.0611592531204224
77,0.788485586643219,1.0938938856124878
78,0.7854909300804138,1.031554937362671
79,0.803001880645752,0.9931941628456116
80,0.8023765087127686,1.001050353050232
81,0.7936210036277771,1.014696717262268
82,0.8128911256790161,0.9653666615486145
83,0.7987499833106995,0.9344661235809326
84,0.8260325193405151,0.8725426197052002
85,0.8181250095367432,0.815276026725769
86,0.8153942227363586,0.8675491809844971
87,0.82426518201828,0.7948797941207886
88,0.8317698836326599,0.7793262004852295
89,0.8336459994316101,0.7186741232872009
90,0.8360450267791748,0.7792816758155823
91,0.8167604804039001,0.7772911787033081
92,0.8524077534675598,0.6567285656929016
93,0.8255159258842468,0.7826476097106934
94,0.843026876449585,0.6217709183692932
95,0.8542839288711548,0.664869487285614
96,0.8554443120956421,0.573324978351593
97,0.8474045991897583,0.673371434211731
98,0.846875011920929,0.6294042468070984
99,0.8510638475418091,0.654909074306488
100,0.8542839288711548,0.6445059776306152
101,0.8749217987060547,0.5371518731117249
102,0.8685857057571411,0.5517461895942688
103,0.8717948794364929,0.5469332337379456
104,0.8818749785423279,0.49029362201690674
105,0.8679599761962891,0.516480028629303
106,0.8737499713897705,0.520211935043335
107,0.8779724836349487,0.4619380235671997
108,0.8836773037910461,0.4450758695602417
109,0.8818011283874512,0.46430733799934387
110,0.8843026757240295,0.4341887831687927
111,0.8917396664619446,0.402079701423645
112,0.8811757564544678,0.4547843337059021
113,0.8974359035491943,0.40444669127464294
114,0.8974359035491943,0.4381004273891449
115,0.8968105316162109,0.3806603252887726
116,0.8924327492713928,0.4027307629585266
117,0.9030037522315979,0.37276220321655273
118,0.8981249928474426,0.3370676338672638
119,0.9036898016929626,0.40632566809654236
120,0.8993120789527893,0.35348230600357056
121,0.9123904705047607,0.3177192211151123
122,0.9118198752403259,0.31304457783699036
123,0.9068167805671692,0.3455585837364197
124,0.9149468541145325,0.32605963945388794
125,0.9005628228187561,0.35400447249412537
126,0.9205753803253174,0.27167171239852905
127,0.9136960506439209,0.27759459614753723
128,0.9149468541145325,0.32424840331077576
129,0.9380475878715515,0.24035367369651794
130,0.9224515557289124,0.310973584651947
131,0.9324578046798706,0.22488044202327728
132,0.9274546504020691,0.26424717903137207
133,0.9393370747566223,0.22630050778388977
134,0.9262039065361023,0.27743011713027954
135,0.9236545562744141,0.2617875337600708
136,0.9424640536308289,0.2094142884016037
137,0.9280800223350525,0.26952069997787476
138,0.9430894255638123,0.20679906010627747
139,0.9355847239494324,0.22970610857009888
140,0.9387117028236389,0.22792884707450867
141,0.9455569386482239,0.21700555086135864
142,0.9430894255638123,0.2244500070810318
143,0.936835527420044,0.24001631140708923
144,0.9543464779853821,0.18909943103790283
145,0.9480925798416138,0.2032456398010254
146,0.9430894255638123,0.2167036384344101
147,0.9524703025817871,0.19005176424980164
148,0.9543464779853821,0.18600280582904816
149,0.948685884475708,0.21232233941555023
150,0.956250011920929,0.15654684603214264
151,0.953066349029541,0.2057693600654602
152,0.9505941271781921,0.17743390798568726
153,0.9524703025817871,0.1811579167842865
154,0.9555972218513489,0.17280465364456177
155,0.959975004196167,0.15971985459327698
156,0.9524703025817871,0.15091361105442047
157,0.9718397855758667,0.13054822385311127
158,0.9549718499183655,0.1831703633069992
159,0.9618750214576721,0.1608162522315979
160,0.9630788564682007,0.13738316297531128
161,0.961851179599762,0.14577701687812805
162,0.9631019234657288,0.16712303459644318
163,0.96620774269104,0.12088683247566223
164,0.9543464779853821,0.20391014218330383
165,0.9631019234657288,0.15396936237812042
166,0.973108172416687,0.12132605910301208
167,0.9637273550033569,0.14762535691261292
168,0.9724828004837036,0.12034957110881805
169,0.9668542742729187,0.1382768154144287
170,0.9699812531471252,0.15357083082199097
171,0.9687304496765137,0.10495243221521378
172,0.9687304496765137,0.12642891705036163
173,0.9649562239646912,0.14936859905719757
174,0.9743589758872986,0.10360116511583328
175,0.9662289023399353,0.16994328796863556
176,0.9699812531471252,0.13163965940475464
177,0.9687304496765137,0.12057485431432724
178,0.976860523223877,0.08909925073385239
179,0.9718574285507202,0.15199251472949982
180,0.9649562239646912,0.15626271069049835
181,0.9668542742729187,0.1371431052684784
182,0.974984347820282,0.12579551339149475
183,0.9699812531471252,0.11633186042308807
184,0.9724828004837036,0.12345519661903381
185,0.9774718284606934,0.10548204928636551
186,0.9737499952316284,0.14366799592971802
187,0.974984347820282,0.10002262890338898
188,0.9718397855758667,0.09762129187583923
189,0.9756097793579102,0.0833643451333046
190,0.973108172416687,0.11704619228839874
191,0.976860523223877,0.10464975982904434
192,0.973108172416687,0.1370096355676651
193,0.9737336039543152,0.09653706103563309
194,0.9774859547615051,0.10158396512269974
195,0.9712139964103699,0.10945136100053787
196,0.9693558216094971,0.10850956290960312
197,0.9812382459640503,0.10239334404468536
198,0.9812382459640503,0.09399275481700897
199,0.9774718284606934,0.07259345799684525
200,0.971875011920929,0.11435893923044205
201,0.9756097793579102,0.10596432536840439
202,0.9768460392951965,0.08619198948144913
203,0.9781249761581421,0.09596513956785202
204,0.9824780821800232,0.0715336874127388
205,0.9818636775016785,0.07823322713375092
206,0.976860523223877,0.10044051706790924
207,0.9849905967712402,0.07836314290761948
208,0.9718397855758667,0.11247742921113968
209,0.9837398529052734,0.06673624366521835
210,0.9787366986274719,0.09970390796661377
211,0.9793621301651001,0.0881815180182457
212,0.9793621301651001,0.07961343973875046
213,0.9806128740310669,0.09295053035020828
214,0.9793621301651001,0.07799522578716278
215,0.9737336039543152,0.12380313128232956
216,0.9793491959571838,0.06630001962184906
217,0.9762351512908936,0.09493337571620941
218,0.9762351512908936,0.06584691256284714
219,0.9849905967712402,0.07269279658794403
220,0.9849905967712402,0.07269279658794403
